[Variables]
ercf_calib_0 = 1.0
ercf_calib_1 = 70.6556269784
ercf_calib_ref = 952.480756

