[Variables]
ercf_calib_0 = 1.0
ercf_calib_1 = 0.999460097029
ercf_calib_10 = 1.0
ercf_calib_11 = 1.0
ercf_calib_2 = 0.996535561266
ercf_calib_3 = 0.99799568663
ercf_calib_4 = 0.99799568663
ercf_calib_5 = 0.99799568663
ercf_calib_6 = 1.0
ercf_calib_7 = 1.0
ercf_calib_8 = 1.0
ercf_calib_9 = 1.0
ercf_calib_ref = 1138.721916
ercf_current_pos = 43.3
ercf_tool = 2

