[Variables]
ercf_calib_0 = 1.0
ercf_calib_1 = 0.998467593254
ercf_calib_10 = 1.0
ercf_calib_11 = 1.0
ercf_calib_2 = 1.00158780448
ercf_calib_3 = 0.998467593254
ercf_calib_4 = 0.997690575671
ercf_calib_5 = 0.999245822087
ercf_calib_6 = 1.0
ercf_calib_7 = 1.0
ercf_calib_8 = 1.0
ercf_calib_9 = 1.0
ercf_calib_ref = 1036.91608
ercf_current_pos = 24.0
ercf_current_tool = 1
ercf_most_swaps = 314
ercf_swaps = 67
ercf_total_swaps = 130

