[Variables]
ercf_calib_0 = 1.0
ercf_calib_1 = 1.00383036114
ercf_calib_10 = 1.0
ercf_calib_11 = 1.0
ercf_calib_2 = 0.999459546793
ercf_calib_3 = 0.998011054696
ercf_calib_4 = 1.00018537072
ercf_calib_5 = 1.00018537072
ercf_calib_6 = 1.0
ercf_calib_7 = 1.0
ercf_calib_8 = 1.0
ercf_calib_9 = 1.0
ercf_calib_ref = 1102.511676
ercf_current_pos = 92.0
ercf_current_tool = 4
ercf_most_swaps = 218
ercf_swaps = 0
ercf_total_swaps = 0

