[Variables]
ercf_calib_0 = 1.0
ercf_calib_1 = 0.990244261105
ercf_calib_10 = 1.0
ercf_calib_11 = 1.0
ercf_calib_2 = 0.984234687033
ercf_calib_3 = 1.0
ercf_calib_4 = 1.0
ercf_calib_5 = 1.0
ercf_calib_6 = 1.0
ercf_calib_7 = 1.0
ercf_calib_8 = 1.0
ercf_calib_9 = 1.0
ercf_calib_ref = 1167.01604
ercf_current_pos = 43.3
ercf_tool = 2

