[Variables]
ercf_calib_0 = 1.0
ercf_calib_1 = 1.00066936495
ercf_calib_10 = 1.0
ercf_calib_11 = 1.0
ercf_calib_2 = 0.999937346399
ercf_calib_3 = 0.997747702575
ercf_calib_4 = 0.999206398046
ercf_calib_5 = 0.999937346399
ercf_calib_6 = 1.0
ercf_calib_7 = 1.0
ercf_calib_8 = 1.0
ercf_calib_9 = 1.0
ercf_calib_ref = 1130.765799
ercf_current_pos = 70.4
ercf_current_tool = 3
ercf_most_swaps = 61
ercf_swaps = 1
ercf_total_swaps = 0

