[Variables]
ercf_calib_0 = 1.0
ercf_calib_1 = 1.00100823155
ercf_calib_10 = 1.0
ercf_calib_11 = 1.0
ercf_calib_2 = 0.999553277725
ercf_calib_3 = 0.997288355894
ercf_calib_4 = 1.00019166989
ercf_calib_5 = 1.00019166989
ercf_calib_6 = 1.0
ercf_calib_7 = 1.0
ercf_calib_8 = 1.0
ercf_calib_9 = 1.0
ercf_calib_ref = 1105.370247
ercf_current_pos = 92.0
ercf_current_tool = 4
ercf_most_swaps = 218
ercf_swaps = 0
ercf_total_swaps = 0

