[Variables]
ercf_calib_0 = 1.0
ercf_calib_1 = 1.00059289677
ercf_calib_10 = 1.0
ercf_calib_11 = 1.0
ercf_calib_2 = 1.00059289677
ercf_calib_3 = 0.998128382249
ercf_calib_4 = 0.999770040772
ercf_calib_5 = 0.997309573075
ercf_calib_6 = 1.0
ercf_calib_7 = 1.0
ercf_calib_8 = 1.0
ercf_calib_9 = 1.0
ercf_calib_ref = 1129.88565
ercf_current_pos = 3.3
ercf_current_tool = 0
ercf_most_swaps = 314
ercf_swaps = 0
ercf_total_swaps = 89

