[Variables]
ercf_calib_0 = 1.0
ercf_calib_1 = 1.00095850365
ercf_calib_10 = 1.0
ercf_calib_11 = 1.0
ercf_calib_2 = 1.00015452091
ercf_calib_3 = 0.998550423848
ercf_calib_4 = 1.00176378
ercf_calib_5 = 0.999351828683
ercf_calib_6 = 1.0
ercf_calib_7 = 1.0
ercf_calib_8 = 1.0
ercf_calib_9 = 1.0
ercf_calib_ref = 1004.3428
ercf_current_pos = 44.8
ercf_current_tool = 2
ercf_most_swaps = 314
ercf_swaps = 18
ercf_total_swaps = 119

