[Variables]
ercf_calib_0 = 1.0
ercf_calib_1 = 0.999919043988
ercf_calib_10 = 1.0
ercf_calib_11 = 1.0
ercf_calib_2 = 0.999191830137
ercf_calib_3 = 0.997016521364
ercf_calib_4 = 0.999919043988
ercf_calib_5 = 0.999919043988
ercf_calib_6 = 1.0
ercf_calib_7 = 1.0
ercf_calib_8 = 1.0
ercf_calib_9 = 1.0
ercf_calib_ref = 1102.491
ercf_current_pos = 113.6
ercf_current_tool = 5
ercf_most_swaps = 218
ercf_swaps = 1
ercf_total_swaps = 0

