[Variables]
ercf_calib_0 = 1.0
ercf_calib_1 = 1.00052576541
ercf_calib_10 = 1.0
ercf_calib_11 = 1.0
ercf_calib_2 = 1.0020047392
ercf_calib_3 = 0.997580877216
ercf_calib_4 = 1.00052576541
ercf_calib_5 = 0.998315472855
ercf_calib_6 = 1.0
ercf_calib_7 = 1.0
ercf_calib_8 = 1.0
ercf_calib_9 = 1.0
ercf_calib_ref = 1049.80967
ercf_current_pos = 112.0
ercf_current_tool = 5
ercf_most_swaps = 314
ercf_swaps = 14
ercf_total_swaps = 0

