[Variables]
ercf_calib_0 = 1.0
ercf_calib_1 = 1.00159164589
ercf_calib_10 = 1.0
ercf_calib_11 = 1.0
ercf_calib_2 = 1.0008642736
ercf_calib_3 = 1.0008642736
ercf_calib_4 = 1.000137957
ercf_calib_5 = 0.998688481697
ercf_calib_6 = 1.0
ercf_calib_7 = 1.0
ercf_calib_8 = 1.0
ercf_calib_9 = 1.0
ercf_calib_ref = 1075.30521

1137.569444
1130.765799